4e-06
6e-06
5e-06
5e-06
7e-06
6e-06
1.6e-05
8e-06
8e-06
1.4e-05
4e-05
3.7e-05
3.8e-05
3.6e-05
4.5e-05
4.8e-05
5.3e-05
5.7e-05
0.000102
0.000145
0.000191
0.000243
0.000279
0.000334
0.000373
0.000412
0.000469
0.000852
0.001268
0.00169
0.002297
0.002824
0.003664
0.003607
0.004762
4e-06
8e-06
1.4e-05
1.7e-05
1.8e-05
2.1e-05
2.1e-05
2.7e-05
2.9e-05
6.1e-05
9.3e-05
0.000123
0.000161
0.000196
0.000232
0.000268
0.000306
0.000346
0.000702
0.001099
0.001506
0.001928
0.002719
0.003242
0.003222
0.003651
0.004172
0.008424
0.012501
0.01727
0.021768
0.027058
0.031342
0.036136
0.041161
6e-06
9e-06
1.1e-05
1.2e-05
1.6e-05
2e-05
2.3e-05
2.7e-05
3e-05
6.1e-05
9.5e-05
0.000126
0.000159
0.000195
0.000234
0.000271
0.000286
0.000321
0.000697
0.001096
0.001485
0.001797
0.002511
0.002744
0.003396
0.003979
0.004221
0.008703
0.01374
0.018119
0.023086
0.027032
0.031363
0.03609
0.041136
0.046118
0.096852
0.152109
0.20849
0.260864
0.321063
0.375657
0.43614
0.491243
0.552459
1.15389
1.77104
2.39882
3.02931
3.69531
4.31783
4.97558
5.64543
6.30716
13.2551
5e-06
7e-06
1.3e-05
1.7e-05
1.8e-05
2.2e-05
2e-05
2.6e-05
3e-05
6e-05
9.4e-05
0.000124
0.00016
0.0002
0.000232
0.000269
0.000306
0.00036
0.000734
0.001101
0.001509
0.001863
0.002595
0.002748
0.003255
0.003813
0.004085
0.008746
0.013357
0.017164
0.022072
0.027119
0.031265
0.036084
0.041367
0.046083
0.096868
0.151745
0.20488
0.257958
0.3183
0.374594
0.432063
0.486743
0.545392
1.14752
1.76676
2.40836
3.023
3.67012
4.30797
5.22362
5.67052
