10         7e-06
15         1e-05
20         3.6e-05
25         1.7e-05
30         1.8e-05
35         2.4e-05
40         2.9e-05
60         5.5e-05
80         0.000108
100         0.000153
120         0.000198
140         0.000258
160         0.000333
180         0.0004
200	    0.000523
220         0.000614
240         0.00071
260         0.000832
280         0.000903
300         0.000918
320         0.001319
340         0.001406
360         0.001538
380         0.001593
400         0.001776
420         0.002016
440         0.001956


