6e-06
6e-06
7e-06
8e-06
8e-06
1e-05
9e-06
8e-06
8e-06
7e-06
1.1e-05
1.4e-05
1.7e-05
2.1e-05
2.3e-05
2.5e-05
2.8e-05
3.3e-05
3.3e-05
5.8e-05
7.6e-05
9.4e-05
0.000117
0.000149
0.000211
0.0002
0.00019
0.000223
0.00043
0.00074
0.001134
0.001048
0.001232
0.001385
0.001666
0.001863
0.002146
0.004245
0.006089
0.007714
0.010524
0.011786
0.013495
0.015429
0.018348
0.019357
0.03837
0.057827
0.077404
0.096758
0.121278
0.138433
0.158333
0.186125
0.197219
0.390239
0.586176
0.779752
0.970798
1.16464
1.35969
1.55391
1.75115
1.94198
3.88041
5.82905
8.05856
10.0799
12.1267
14.1321
16.1426
18.1571
