4e-06
4e-06
4e-06
6e-06
7e-06
8e-06
1e-05
8e-06
1.1e-05
1.3e-05
1e-05
1.3e-05
1.5e-05
1.7e-05
2e-05
2.8e-05
1.9e-05
1.7e-05
3.2e-05
2.5e-05
2.6e-05
2.1e-05
2.7e-05
3.4e-05
3.2e-05
2.7e-05
2.8e-05
3.4e-05
3.5e-05
3.7e-05
3.6e-05
4e-05
3.9e-05
4.1e-05
3.9e-05
4.1e-05
4.1e-05
4.5e-05
4.3e-05
4.2e-05
4.2e-05
4.7e-05
5e-05
4.9e-05
5.8e-05
5e-05
5.3e-05
5.8e-05
5.9e-05
6.7e-05
6.7e-05
6.1e-05
6.6e-05
6.6e-05
7.1e-05
6.8e-05
7.6e-05
7e-05
7.2e-05
9.1e-05
7.2e-05
7.6e-05
7.8e-05
7.3e-05
6.9e-05
8.2e-05
9.7e-05
9.3e-05
8.7e-05
8.9e-05
8.7e-05
0.000111
0.000101
0.000106
0.000101
0.000113
0.000115
9.3e-05
9.2e-05
0.000136
0.000107
0.000102
0.000109
0.00012
0.000113
9.4e-05
0.000107
0.000104
8.9e-05
0.000122
0.000108
0.000112
0.000107
0.000108
0.000116
0.000129
0.000114
0.000133
0.00012
0.000127
9.9e-05
9.9e-05
0.000118
0.000124
0.000131
0.000118
0.000137
0.000123
0.000135
0.000128
0.000121
0.000127
0.000134
0.000131
0.000139
0.00014
0.000151
0.000137
0.000141
0.000138
0.000142
0.000146
0.000133
0.000139
0.000155
0.000147
0.000148
0.000137
0.000156
0.000148
0.000147
0.000142
0.000168
0.000142
0.000169
0.000146
0.000163
0.000164
0.000172
0.000157
0.000173
0.000166
0.000173
0.000168
0.000169
0.000164
0.000172
0.000174
0.000177
0.000179
0.000172
0.000167
0.000174
0.000175
0.000183
0.000176
0.000182
0.000167
0.000183
0.000176
0.000189
0.000175
0.000191
0.000177
0.00019
0.000194
0.000185
0.000187
0.000194
0.000193
0.000183
0.000205
0.000192
0.000193
0.000203
0.00019
0.000197
0.000182
0.000204
0.000186
0.00019
0.000198
0.000205
0.000198
0.00018
0.000219
0.000212
0.000197
0.000203
0.000197
0.0002
0.000204
0.000197
0.000188
0.000199
0.000197
0.000239
0.000223
0.000245
0.000259
0.000251
0.000248
0.000238
0.000284
0.000238
0.000223
0.00024
0.000216
0.000234
0.000234
0.000245
0.000246
0.000251
0.000256
0.000253
0.000243
0.000246
0.000238
0.000253
0.000229
0.000256
0.000252
0.000252
0.00026
0.000276
0.00025
0.000262
0.000256
0.000276
0.000335
0.000293
0.000292
0.000274
0.000252
0.000265
0.000251
0.000266
0.000263
0.000252
0.000258
0.000261
0.000248
0.000266
0.000258
0.000249
0.000268
0.000269
0.000278
0.000266
0.000267
0.000271
0.000249
0.000264
0.000285
0.000279
0.000265
0.000269
0.000279
0.000288
0.000278
0.000274
0.000292
0.000291
0.000292
0.000265
0.000286
0.00029
0.000288
0.000295
0.000277
0.000285
0.000304
0.000288
0.00029
0.000301
0.000276
0.000303
0.000338
0.000295
0.00029
0.000311
0.000278
0.0003
0.000318
0.00029
0.000327
0.000319
0.000297
0.000326
0.000316
0.000322
0.000314
0.000308
0.000329
0.000336
0.000334
0.000323
0.000313
0.000334
0.000327
0.00033
0.000329
0.000326
0.000318
0.000345
0.000314
0.000334
0.000318
0.000384
0.000342
0.000416
0.000411
0.000418
0.000369
0.000357
0.000349
0.000322
0.000361
0.000347
0.000333
0.000374
0.000336
0.00038
0.000462
0.000424
0.000371
0.000364
0.000397
0.000393
0.000384
0.000405
0.000382
0.000365
0.000393
0.000397
0.000437
0.00046
0.000384
0.000382
0.000397
0.000384
0.000388
0.000382
0.000395
0.000399
0.000366
0.000403
0.000393
0.000414
0.00041
0.0004
0.000424
0.000415
0.000401
0.000403
0.00039
0.000414
0.000409
0.000412
0.000405
0.000417
0.000393
0.000409
0.000392
0.000426
0.000429
0.000428
0.000418
0.000436
0.000438
0.00044
0.000418
0.000426
0.000428
0.000453
0.000457
0.00043
0.000412
0.000417
0.000528
0.000437
0.000419
0.000486
0.000447
0.000427
0.000537
0.000494
0.000509
0.000542
0.00054
0.000531
0.000462
0.000546
0.00057
0.000442
0.000488
0.000461
0.000431
0.000443
0.000425
0.000456
0.000444
0.000421
0.00044
0.000418
0.000464
0.000441
0.000446
0.000435
0.000456
0.00046
0.000485
0.000463
0.000477
0.000455
0.000456
0.000457
0.00048
0.000445
0.000468
0.00045
0.000472
0.000461
0.000496
0.000483
0.000478
0.000455
0.000484
0.00047
0.000478
0.000509
0.000465
0.000461
0.000485
0.000492
0.000482
0.000464
0.000528
0.000483
0.000487
0.000493
0.000516
0.000508
0.000466
0.000515
0.000518
0.000505
0.000522
0.000525
0.000503
0.000503
0.00053
0.000516
0.000567
0.000498
0.000611
0.000597
0.000529
0.000552
0.000498
0.000525
0.000533
0.000515
0.0005
0.000517
0.000525
0.000525
0.00054
0.000517
0.000533
0.000537
0.000513
0.000492
0.00054
0.000531
0.000539
0.000543
0.000542
0.000562
0.000518
0.000514
0.000531
0.000562
0.000605
0.00068
0.000619
0.000564
0.000548
0.000564
0.000546
0.000622
0.000614
0.000586
0.000607
0.000561
0.000545
0.000552
0.000571
0.000573
0.00057
0.00054
0.000601
0.000565
0.000571
0.000607
0.000595
0.000585
0.000591
0.000631
0.000622
0.000597
0.000577
0.000741
0.000615
0.000639
0.000604
0.000594
0.000598
0.000614
0.000654
0.000627
0.000558
0.000609
0.00061
0.000635
0.000613
0.000589
0.000598
0.000602
0.000613
0.000603
0.000629
0.000701
0.000666
0.000697
0.000664
0.000654
0.000603
0.000627
0.000617
0.000619
0.000625
0.000603
0.000622
0.000662
0.000591
0.000705
0.000711
0.000642
0.000646
0.000645
0.000646
0.000626
0.000636
0.000615
0.000605
0.000661
0.000634
0.000656
0.000685
0.000688
0.000802
0.000703
0.00076
0.000703
0.000718
0.000695
0.00068
0.000709
0.000662
0.000648
0.000659
0.000673
0.000648
0.000722
0.000683
0.000681
0.000824
0.000723
0.000741
0.000712
0.000666
0.000665
0.000693
0.000666
0.000654
0.000657
0.000706
0.000721
0.000681
0.000667
0.000675
0.000684
0.000682
0.000678
0.000686
0.000712
0.000738
0.000697
0.000696
0.000695
0.000686
0.000693
0.000726
0.000709
0.000725
0.000707
0.00074
0.000758
0.000695
0.000822
0.000736
0.000695
0.000682
0.000719
0.000715
0.000715
0.00074
0.000729
0.000731
0.000891
0.000842
0.000782
0.000748
0.000746
0.000715
0.00072
0.000729
0.000732
0.000729
0.000727
0.000746
0.000738
0.000732
0.000719
0.000839
0.000709
0.000746
0.000737
0.000799
0.000747
0.000757
0.000797
0.000718
0.000731
0.000764
0.000736
0.000733
0.000748
0.000759
0.000778
0.00091
0.000932
0.000911
0.000795
0.000739
0.000797
0.000801
0.000785
0.000901
0.000913
0.000813
0.000772
0.000757
0.000732
0.000753
0.000789
0.000769
0.000769
0.000801
0.000766
0.00081
0.000758
0.000784
0.000781
0.000828
0.000757
0.000781
0.000778
0.000841
0.000761
0.000814
0.00081
0.000794
0.000786
0.000809
0.000778
0.000781
0.000788
0.000757
0.000784
0.000803
0.000861
0.000769
0.000871
0.000836
0.000777
0.00083
0.000787
0.000817
0.000846
0.000769
0.000813
0.000808
0.000769
0.000778
0.00083
0.00081
0.000809
0.000833
0.000797
0.000829
0.000786
0.000844
0.00087
0.000948
0.000869
0.000828
0.000842
0.000814
0.000867
0.000873
0.000849
0.000858
0.00083
0.000858
0.000842
0.000845
0.000849
0.000849
0.00083
0.000901
0.000864
0.000984
0.000861
0.000841
0.000874
0.000868
0.000848
0.000849
0.000822
0.000847
0.000873
0.000874
0.00083
0.000881
0.000842
0.000849
0.000862
0.00095
0.000939
0.000898
0.000893
0.000908
0.000943
0.000864
0.000896
0.000872
0.000882
0.000874
0.000875
0.000882
0.000856
0.000867
0.000876
0.000888
0.000923
0.000882
0.000898
0.000926
0.000869
0.000955
0.000958
0.000863
0.00088
0.000924
0.000951
0.000922
0.000911
0.0009
0.000926
0.000919
0.00103
0.001036
0.00092
0.000907
0.000923
0.000935
0.000904
0.000923
0.000952
0.000913
0.000903
0.000908
0.00092
0.000913
0.000883
0.00092
0.000917
0.000931
0.000898
0.000958
0.000921
0.000927
0.001008
0.000941
0.000954
0.001003
0.000962
0.000947
0.000943
0.000966
0.000933
0.000948
0.001081
0.001036
0.000964
0.000958
0.000967
0.000934
0.000951
0.000946
0.000998
0.000977
0.000979
0.000978
0.000929
0.000956
0.001022
0.000945
0.000963
0.000953
0.000992
0.000945
0.000969
0.000962
0.00102
0.000974
0.001
0.001026
0.000965
0.000979
0.00103
0.001011
0.001005
0.001111
0.001111
0.001026
0.001001
0.000969
0.001012
0.001024
0.001016
0.001074
0.001013
0.000982
0.001074
0.001045
0.001038
0.00099
0.001009
0.001066
0.001008
0.001028
0.001023
0.00103
0.000999
0.001067
0.001015
0.00103
0.001086
0.001099
0.001034
0.000999
0.001164
0.001122
0.001079
0.001049
0.001092
0.001085
0.001009
0.001018
0.001033
0.001098
0.001031
0.001056
0.001017
0.001028
0.001095
0.001103
0.00103
0.001032
0.001109
0.001008
0.001014
0.001002
0.00103
0.001037
0.001124
0.001132
0.001067
0.001035
0.001052
0.001196
0.001184
0.001078
0.00112
0.001059
0.001058
0.00104
0.001067
0.001094
0.001041
0.001065
0.001057
0.001083
0.001093
0.001106
0.001085
0.001121
0.001098
0.001045
0.001076
0.001147
0.001084
0.001089
0.001075
0.001155
0.001129
0.001158
0.001406
0.001199
0.001134
0.001036
0.001077
0.001111
0.001092
0.001108
0.00112
0.001184
0.001131
0.00115
0.001098
0.001241
0.001155
0.00115
0.0011
0.001135
0.001166
0.00113
0.001144
0.001184
0.001146
0.001225
0.001094
0.001169
0.001177
0.001169
0.00124
0.00119
0.001278
0.001135
0.001186
0.001145
0.001142
0.001143
0.001172
0.001158
0.001305
0.00145
0.001199
0.001183
0.001151
0.001175
0.001168
0.001193
0.001181
0.001186
0.001125
0.001142
0.001145
0.001169
0.001164
0.001141
0.001138
0.001135
0.001324
0.00123
0.001219
0.001229
0.001182
0.001178
0.001163
0.001205
0.001417
0.001169
0.001237
0.001231
0.00123
0.001268