20         2e-06
30         3e-06
40         2e-06
50         3e-06
60         4e-06
70         3e-06
80         4e-06
90         3e-06
100         4e-06
200         9e-06
300         6e-06
400         1.1e-05
500         9e-06
600         9e-06
700         1.5e-05
800         1.2e-05
900         1.7e-05
1000         1.5e-05
2000         3.2e-05
3000         4.8e-05
4000         6.2e-05
5000         7.6e-05
6000         7.6e-05
7000         0.000103
8000         0.000101
9000         0.000125
10000         0.000118
20000         0.00027
30000         0.000402
40000         0.000538
50000         0.000679
60000         0.000779
70000         0.000888
80000         0.00124
90000         0.002083
100000         0.001425
200000         0.002861
300000         0.004297
400000         0.005325
500000         0.006849
600000         0.008778
700000         0.009402
800000         0.010756
900000         0.012097
1000000         0.013306
2000000         0.02804
3000000         0.041013
4000000         0.054515
5000000         0.07286
6000000         0.081124
7000000         0.100046
8000000         0.110206
9000000         0.121285
