3e-06
2e-06
8e-06
1e-05
1.3e-05
1.6e-05
1.6e-05
2.5e-05
3.1e-05
3.7e-05
0.000132
0.000287
0.000519
0.000798
0.001158
0.001623
0.002051
0.002761
0.003328
0.013705
0.030632
0.054698
0.080028
0.115089
0.156831
0.20715
0.265165
0.328481
1.29613
2.88662
5.13675
8.03434
11.553
15.7439
21.0477
26.0822
3e-06
3e-06
2e-05
1.6e-05
1.3e-05
4e-05
2.1e-05
2.7e-05
3.3e-05
3.9e-05
0.000226
0.000322
0.000544
0.001515
0.001306
0.00178
0.002443
0.003159
0.003632
0.013503
0.030067
0.053793
0.07953
0.115478
0.154465
0.201407
0.258489
0.325712
1.27156
2.86347
5.14728
8.14291
11.772
15.5264
20.2698
26.1557
