3e-06
5e-06
8e-06
5e-06
6e-06
1e-05
7e-06
1.2e-05
9e-06
1e-05
2.2e-05
2.9e-05
4e-05
5e-05
6.1e-05
7.3e-05
8e-05
9.5e-05
0.000106
0.00025
0.000418
0.00059
0.00083
0.001129
0.001305
0.001556
0.001929
0.002258
0.007085
0.014631
0.024674
0.037463
0.052727
0.071841
0.090903
0.114397
2e-06
4e-06
7e-06
4e-06
6e-06
7e-06
7e-06
8e-06
9e-06
9e-06
2.3e-05
3.3e-05
4.2e-05
5.3e-05
6.1e-05
7.5e-05
8.1e-05
9.7e-05
0.000107
0.000248
0.000427
0.000633
0.000892
0.001212
0.001421
0.001657
0.002059
0.002362
0.007153
0.014995
0.025115
0.038235
0.052724
0.070779
0.093152
0.114006
2e-06
3e-06
1e-05
1.1e-05
1.1e-05
1.1e-05
1.4e-05
8e-06
1.5e-05
1.5e-05
2e-05
3.1e-05
3.8e-05
4.7e-05
6.2e-05
7.3e-05
8e-05
9.4e-05
0.000105
0.000243
0.000425
0.000633
0.000889
0.00117
0.001501
0.001647
0.001974
0.002225
0.007015
0.014677
0.024629
0.037548
0.052721
0.071207
0.092877
0.114252
