2e-06
3e-06
7e-06
1.3e-05
1.5e-05
1.7e-05
2e-05
2.2e-05
2.6e-05
2.7e-05
7.8e-05
0.000155
0.000259
0.000407
0.000559
0.000731
0.000941
0.001189
0.001477
0.005908
0.013181
0.023392
0.036363
0.052636
0.070956
0.09375
0.121358
0.145564
0.596887
1.33291
2.32338
3.62484
5.22097
7.15901
9.6003
12.1708
2e-06
3e-06
2e-05
1.2e-05
1e-05
1.2e-05
1.4e-05
1.6e-05
2e-05
2.3e-05
7.2e-05
0.000152
0.000457
0.000736
0.00105
0.000852
0.001088
0.001382
0.001683
0.006332
0.013129
0.023333
0.036552
0.05234
0.071426
0.09282
0.117469
0.149255
0.58131
1.32116
2.32432
3.63293
5.23365
7.11017
9.29376
11.7556
2e-06
3e-06
2e-05
1.1e-05
9e-06
1.3e-05
1.4e-05
1.7e-05
2e-05
2.4e-05
0.000108
0.000166
0.000262
0.00071
0.001045
0.000989
0.001087
0.001384
0.001705
0.006275
0.013124
0.023272
0.036815
0.05233
0.071179
0.092828
0.117436
0.144839
0.584866
1.31362
2.32605
3.62786
5.2242
7.10829
9.28252
11.7419
